time	ABCA3	AGER	NME3	RAGE	tbp	Vegf	ABCD1	hprt	ABCG2	HPGDS	INMT	ADAMTSL2	integrin subunit alpha 8	Lrp2	TTF-1	VIM	AMACR	ywhaz	CD38	Shisa3	Claudin 1	Claudin5	P-63	tfrc	E2F8	TGFB1	EGFR (Epidermal growth factor receptor) (PMID 22916088 22245996)	FGF18	Igfbp3	ppia	EPHA7	Tnc	F13A1	FOXF2	Hist1h1b	Hist1h2ab	GATA-6	N-Cadherin(CDH2)	GUCY1A2  sGC(soluble guanylate cyclase) (PMID 23934926)	hmbs	MMP-3	MMP7	Thy1	Kcnma1	MCPt4	SFTP-D	THTPA	MGAT4A	PRIM2	EGFR
-4.5	8.432857142857141	9.043571428571427	6.817517857142857	4.922142857142857	6.156657142857143	7.882619047619047	6.269	6.085214285714286	6.747142857142858	5.433857142857143	2.8065714285714285	7.718285714285713	7.749309523809523	3.842142857142857	6.365964285714286	8.549535714285716	4.429714285714286	7.6855714285714285	6.304142857142857	4.207857142857143	6.71057142857143	6.964857142857142	10.318857142857144	7.818446428571427	4.87107142857143	5.999714285714286	5.436285714285714	5.546714285714286	6.064250000000001	11.494142857142856	9.15	9.668428571428572	6.214000000000001	6.192142857142857	11.034857142857144	11.509428571428572	7.612857142857143	7.926428571428572	5.780857142857143	7.256714285714286	3.392857142857143	1.8615714285714289	5.8745714285714286	5.973428571428572	4.5909821428571425	4.215714285714286	5.360196428571429	4.875654761904762	5.415803571428572	5.436285714285714
0.5	7.68325	12.12725	6.68440625	5.762	4.949375	7.809499999999999	7.677125	6.35525	7.078749999999999	4.8765625	9.69	7.42375	7.680541666666668	5.9485	5.370312500000001	8.61875	5.340625	8.21875	6.38475	4.848	6.21725	8.82975	10.02525	7.91153125	4.1743749999999995	5.458875	6.34175	5.8835	8.473145833333334	10.964125	7.70275	8.759	6.11225	5.405	7.38075	6.831500000000001	7.097250000000001	6.57325	4.44325	6.51	3.71475	2.8815	3.064	4.84925	4.61446875	10.92675	4.5605	5.3629375	5.77321875	6.34175
1.0	7.5535	11.7425	6.5048125	6.0735	5.43265	7.961208333333334	7.03825	5.8315	7.42575	4.9779374999999995	8.59075	7.26575	7.195791666666667	6.0295000000000005	6.353187500000001	8.7146875	4.74175	7.832833333333333	6.31925	5.51125	6.0105	8.526	9.85225	7.49528125	4.4251249999999995	4.96725	6.112750000000001	4.52825	8.400395833333334	10.9135625	8.009	8.028500000000001	6.20825	5.2015	9.30475	8.682	6.811124999999999	6.11175	5.5955	6.4910000000000005	4.6152500000000005	2.77325	4.86675	4.18875	4.12959375	9.9815	4.229625	5.4700625	5.89140625	6.112750000000001
1.5	7.5965	12.381	6.6175	5.765	5.4099	9.102416666666668	7.8535	6.5760000000000005	6.78525	4.491125	10.1945	7.204749999999999	7.5425	5.198	5.444687500000001	8.569125	5.118	8.434333333333335	6.646	4.945	6.171499999999999	9.433	9.9865	8.089875	3.899999999999999	4.79425	7.145500000000001	6.1915	8.017791666666668	10.7645	8.1695	8.981	5.176	5.977499999999999	6.547000000000001	5.081	7.108749999999999	6.646	5.208500000000001	6.781499999999999	3.902	2.619	4.093500000000001	4.6907499999999995	4.852062500000001	11.094	4.883125	5.552791666666666	6.233437499999999	7.145500000000001
2.0	8.3614	12.381	6.406375000000001	5.7526	5.65982	8.980566666666666	6.7165	5.831	6.5937	5.2024125	8.339400000000001	7.330500000000001	7.384466666666667	6.0996	5.963775	8.4718	5.161	8.438533333333332	6.768600000000001	5.366999999999999	5.886399999999999	9.0934	10.060199999999998	8.3345	4.1307	5.2005	6.481200000000001	5.9986	7.098316666666667	11.1225	8.0057	9.511	5.7376	6.0498	7.670199999999999	7.1566	7.1405	6.5348	5.0428	6.4626	3.3462000000000005	2.1418	3.4848	4.6636	4.285699999999999	11.107	4.5784	5.320216666666667	5.9308250000000005	6.481200000000001
2.5	7.983875	12.381	6.296500000000001	5.2045	5.234925	9.17675	6.68625	5.77925	6.49275	5.3070312500000005	6.119999999999999	6.75425	7.22725	6.114	5.74975	8.36975	5.013	8.445583333333333	6.658	5.135	5.6819999999999995	9.99	9.82	8.5151875	4.545625	5.294625000000001	6.352999999999999	6.55775	6.978666666666666	11.29125	8.242125	10.06175	5.613499999999999	6.16425	7.987749999999999	7.380249999999999	7.092375	6.8665	5.10575	6.72575	3.17425	1.9865	3.66925	4.709625000000001	4.49915625	10.75975	4.9465312500000005	5.272916666666667	5.9270000000000005	6.352999999999999
3.0	7.735	12.381	6.5844249999999995	5.3942	5.89076	8.1495	6.657	5.802700000000001	6.2928999999999995	4.9078125	4.426	6.3743	7.384766666666666	6.3652	5.2040999999999995	7.95505	5.6862	8.5184	5.9968	5.819000000000001	5.686400000000002	9.6656	10.0912	8.459575	4.697699999999999	5.6556999999999995	6.165400000000001	5.932600000000001	6.798616666666666	11.124	7.7385	10.187	5.8058000000000005	6.191599999999999	9.104	8.6934	7.0799	6.8874	3.8238	6.117	2.8766000000000007	2.9192	3.6678	4.896800000000001	4.781000000000001	10.8508	4.739975	4.935816666666667	5.682175	6.165400000000001
3.5	7.602	12.381	6.1388437499999995	4.4715	5.669899999999999	8.160916666666665	6.215375	5.89225	6.29725	4.960968750000001	5.2205	6.5440000000000005	7.526833333333334	5.69725	5.687375	7.9750625	5.4785	8.480416666666667	6.9095	6.3105	4.94325	9.53325	9.75625	8.312000000000001	4.865125	5.7524999999999995	6.08325	6.4595	6.315625000000001	11.2806875	8.143375	10.80675	4.584499999999999	6.90875	10.176	9.73625	6.842499999999999	7.3885	5.339	6.51275	3.0515	2.47125	3.2125000000000004	5.8092500000000005	4.78903125	10.08175	5.591749999999999	5.044166666666667	5.91725	6.08325
4.0	7.864	12.381	6.584843750000001	5.162750000000001	5.6317	9.213916666666666	6.4305	5.988875	6.518	4.9921875	3.60525	6.463625	7.386583333333332	5.90925	5.92015625	8.425374999999999	4.875249999999999	8.36875	6.82925	5.993	5.057	9.34525	9.45825	8.275375	4.95125	5.852374999999999	5.8975	6.732749999999999	5.6470416666666665	11.077625	8.375125	10.6645	4.81875	6.9805	10.09825	9.85675	7.243	7.215	5.29825	6.642	3.058	2.20775	3.99075	5.50425	5.001625000000001	10.052	5.34365625	4.566333333333334	5.4820625000000005	5.8975
4.5	7.700625	12.381	6.52525	4.798	5.8268	9.584416666666666	6.58775	6.30375	6.542375000000001	4.8440312500000005	4.79875	6.752000000000001	7.312958333333333	4.65225	5.608375	8.6983125	5.372125	8.45275	6.71875	6.37375	4.6835	9.8585	9.29525	8.19215625	4.6236250000000005	5.4555	6.512249999999999	7.005000000000001	5.180208333333333	11.189	8.81625	10.97875	4.43725	7.5375	10.428	9.973249999999998	7.0095	7.114	5.5005	6.764	3.24975	2.239	3.72325	5.476625	4.7780000000000005	9.3275	5.438750000000001	4.864624999999999	5.7275624999999994	6.512249999999999
5.0	7.49825	12.381	6.38271875	4.10975	6.00835	9.035541666666669	6.220375000000001	5.7307500000000005	6.242	4.562828124999999	4.41375	6.642125	7.632333333333333	6.077	5.870593749999999	8.2945	5.237625	8.576333333333334	6.70525	6.37275	4.68	9.55825	9.6145	8.3071875	4.5878749999999995	5.77025	6.454000000000001	6.57225	5.6968958333333335	11.0045	8.3415	11.14675	4.928	7.4495	10.30525	10.03975	7.161625	7.4515	5.1175	6.75225	3.0002500000000003	2.93625	3.184	5.49725	4.96290625	9.40075	5.1861875	5.176854166666667	5.42065625	6.454000000000001
5.5	7.686375	12.381	6.647125	5.2555	5.09055	8.706458333333332	6.357	6.317	6.086375	4.8665	4.8275	6.552375	7.900333333333332	6.04175	5.5064375000000005	8.259375	5.35275	8.604583333333332	6.93525	6.6072500000000005	4.7675	10.12475	9.316	8.2335	4.6505	5.69425	5.871	6.2825	5.824979166666667	10.899562499999998	8.09825	11.05125	4.58425	7.557749999999999	10.058	9.11125	7.1625	7.56725	5.7765	6.1465	3.05675	2.9185	4.133	5.4945	4.7939687499999994	9.76475	5.4075	4.626520833333333	5.61603125	5.871
6.0	8.13825	12.25275	6.242687500000001	4.58825	5.601800000000001	9.026291666666667	6.390625	5.9041250000000005	6.689625	4.67278125	3.99025	6.8451249999999995	7.753416666666666	6.066999999999999	5.605375	8.5894375	5.094250000000001	8.403166666666666	7.266	6.1392500000000005	4.59625	9.716	9.2895	8.3615625	4.772	5.937	5.598499999999999	6.813750000000001	5.266479166666667	11.0989375	8.424125	11.09525	4.667	7.7075	10.20375	9.765	6.8870000000000005	7.1565	5.739249999999999	6.52025	2.43675	2.17475	4.62525	5.6745	5.09690625	9.62875	5.3686875	4.6214375	5.27790625	5.598499999999999
6.5	8.132375	12.381	6.534125000000001	4.65225	5.929450000000001	9.2515	6.547875	6.252875000000001	6.174250000000001	4.997703125	4.236	6.928	7.632291666666667	5.93325	5.8889375	8.563625	5.333125	8.36525	6.9685	5.8875	4.36175	9.7595	9.26875	8.37040625	4.5028749999999995	5.461625	5.773000000000001	6.8565000000000005	5.0660625	11.0445625	8.533125	10.55925	4.78525	7.37075	10.35025	9.94175	7.15925	7.532	5.26675	6.79575	3.74375	2.52	3.68675	4.992875000000001	4.46490625	9.61475	4.85365625	4.818354166666667	5.54296875	5.773000000000001
7.0	7.781199999999999	12.0732	6.58305	4.593	5.78698	9.630666666666666	6.777699999999999	6.2123	6.036099999999999	4.9047	5.099	6.881600000000001	7.614266666666667	6.054	5.671875	8.62325	5.4269	8.494266666666666	6.6304	6.548599999999999	4.7946	9.8802	9.003599999999999	8.087549999999998	4.6511	5.5382	6.0886	7.045399999999999	5.386116666666667	10.9086	8.4198	10.8738	4.8812	7.5902	9.7386	9.3668	7.0314	7.1858	5.6756	6.4452	3.3586	2.586	3.5340000000000003	4.8627	4.540075000000001	9.9678	4.9314	5.046316666666667	5.733725	6.0886
7.5	7.43175	12.381	6.8530625	5.6325	6.42395	8.548666666666668	6.060499999999999	6.28625	6.456499999999999	5.400874999999999	5.2265	6.9350000000000005	7.640666666666667	6.177	5.422437500000001	8.467749999999999	5.4712499999999995	8.407333333333334	7.646	5.181	4.6225000000000005	8.725000000000001	8.8335	7.945500000000001	5.2745	6.118	5.131	5.544499999999999	4.993916666666667	11.04425	7.809	11.868	4.7275	7.5655	9.9865	10.491	7.5255	7.5875	5.8135	6.6085	3.805	3.2595	3.805	5.075	5.468562499999999	9.49	5.245374999999999	5.350083333333334	5.797625000000001	5.131
8.0	7.723125	12.1245	6.712125	4.87275	5.116175	9.119166666666668	6.57025	5.890499999999999	6.468125	4.666828125	4.961	7.141125	7.832916666666666	6.139	5.72978125	8.548124999999999	5.1465000000000005	8.405999999999999	7.401	6.192	4.6865000000000006	10.08725	9.1915	8.2325	4.464125	5.363250000000001	5.879250000000002	7.239999999999999	5.808624999999999	10.885750000000002	8.306375	11.172	4.458	7.51025	9.79725	9.331	7.0421249999999995	7.479	5.19525	6.56575	3.35325	2.76325	3.5755	5.41	4.870750000000001	9.73575	5.33509375	4.734125000000001	5.55625	5.879250000000002
8.5	7.680875	12.25275	6.860125000000001	4.5585	5.110149999999999	9.196291666666664	6.8408750000000005	6.364625	6.606625	4.7232031249999995	5.442	7.921125	7.673666666666667	6.2562500000000005	6.091156250000001	8.8028125	5.47225	8.598166666666666	7.744	5.543	3.70875	10.82175	8.689	7.887625	4.048	5.392375	6.65675	7.14625	5.6573125	10.70225	8.142375000000001	11.388	4.415	8.063749999999999	9.448	7.603750000000001	7.040375000000001	7.393	5.214	6.35375	4.7485	2.39675	3.4215	5.320625	4.7781875	10.09825	5.0497812500000006	4.703104166666668	5.347031250000001	6.65675
9.0	7.8165	11.996250000000002	6.9541875	4.41525	5.553375000000001	9.431625	6.686375	5.991875	6.47025	4.581921875	5.89225	7.575125	7.979666666666667	6.013999999999999	5.99896875	8.6096875	5.397125	8.389416666666667	7.649249999999999	5.39575	4.92375	10.42975	8.815999999999999	8.109124999999999	4.617625	5.551875	5.730250000000001	7.29675	6.2195625	10.554375	7.820749999999999	11.12975	4.269	8.0725	9.5205	9.071	7.203250000000001	7.326	6.00075	6.366	2.9195	2.1877500000000003	3.4795	5.261125	4.5429375	10.0045	5.2076875000000005	4.7426458333333334	5.62065625	5.730250000000001
9.5	7.197875	11.638000000000002	6.508968749999999	4.90325	5.793849999999999	8.581416666666668	7.05425	6.707625	6.5545	5.5405625	6.38525	7.21975	7.771833333333333	7.94925	5.8511875	8.651937499999999	5.547375	8.193583333333333	6.56525	5.90025	4.54225	8.969750000000001	8.402249999999999	7.639125	5.4083749999999995	5.60475	6.11625	7.055	6.0181875	9.4609375	8.12125	11.09825	4.913	8.225999999999999	8.74175	8.343	7.6785	7.50375	5.978999999999999	6.2867500000000005	3.711	3.545	3.545	5.23325	5.08071875	8.832999999999998	5.55753125	6.171604166666667	6.395156249999999	6.11625
10.0	7.954875	11.868	6.683375	4.1215	5.967775	9.076041666666669	6.535375	6.490125	5.976375000000001	4.60359375	6.2545	7.866375	7.786124999999999	6.33875	5.638625	8.7738125	5.803	8.746416666666667	7.3325	5.5465	5.53625	9.8685	8.78975	8.17440625	4.86475	5.936125	5.343	6.59625	5.947333333333333	10.6199375	7.43475	10.8935	4.8955	7.234999999999999	9.26125	8.9705	6.757	6.9315	5.08075	6.245	3.40475	2.76125	2.76125	4.58975	4.7541875000000005	10.377	4.7163125	5.005666666666667	5.7045625	5.343
10.5	7.570875	11.99625	6.345062500000001	5.415000000000001	5.050274999999999	8.531583333333332	6.52675	6.15525	6.5642499999999995	5.291578125	8.75625	7.58575	7.259458333333333	6.08975	5.9568125	8.834625	6.11525	8.62375	6.9625	5.9085	5.13525	10.06375	9.04325	7.89046875	5.140625	6.2735	5.1005	6.65975	6.934749999999999	10.794125	8.0405	10.76425	5.288250000000001	8.218499999999999	8.245750000000001	8.56725	6.641	6.9445	6.49825	5.931500000000001	3.994	3.51	5.078250000000001	5.1918750000000005	5.122	10.08225	5.36559375	5.550833333333333	5.91825	5.1005
11.0	7.489875	11.996250000000002	6.901093749999999	3.70775	6.30715	9.68875	6.524000000000001	5.947625	6.229625	4.743984375	8.9305	7.592625	7.991875	6.4875	6.14978125	9.2130625	5.48875	8.658833333333332	7.6225	4.83075	4.89475	10.745	8.58025	7.72303125	4.132	5.763875	5.934250000000001	6.994999999999999	7.004708333333333	10.708	8.2765	10.74775	4.45925	8.133000000000001	7.31025	7.72425	6.94425	7.09075	5.247	5.965	4.10325	3.2325	4.7642500000000005	4.80575	4.71859375	10.04775	4.50509375	4.8065	5.4883125	5.934250000000001
11.5	7.650499999999999	11.996250000000002	6.726875	3.981	6.0280249999999995	9.582166666666668	6.614	6.0634999999999994	6.3365	4.803234375000001	9.43375	7.728875	8.113708333333333	6.2695	6.0253125	9.204	5.498625	8.752416666666667	7.51775	4.56825	5.228	10.31175	8.81925	7.89909375	4.284125	5.427874999999999	5.850750000000001	6.9465	6.973999999999999	10.6633125	8.108125000000001	10.64425	4.49475	7.81375	7.78875	7.6855	7.00925	7.13275	5.9685	6.173500000000001	3.3715	2.4755	4.764	4.661875	4.452187499999999	10.12925	4.637031250000001	5.125458333333334	6.147562500000001	5.850750000000001
12.0	8.0325	11.868	6.62459375	4.05225	5.7124	9.67975	6.656375	5.896000000000001	6.751249999999999	4.670546874999999	8.545	8.182375	8.128125	6.235	5.917781249999999	9.3900625	5.056375	8.609333333333334	7.473999999999999	4.27175	5.15875	9.97625	8.914	8.18521875	4.5525	5.54125	6.303250000000001	7.216499999999999	6.481645833333333	10.79825	8.370750000000001	10.3095	4.8805	7.829499999999999	8.203	8.258750000000001	6.7951250000000005	7.2415	5.89425	6.1485	4.0725	2.483	3.97375	4.6105	3.97728125	10.22	4.700125	5.191770833333333	5.92984375	6.303250000000001
12.5	7.9335	12.1245	6.76078125	3.82725	6.023250000000001	10.12975	6.684	6.133125	6.2219999999999995	4.4724375	9.816	8.1625	8.069125	6.15875	6.109562499999999	9.35525	5.068125	8.489833333333333	7.67725	4.3935	5.63325	10.05	8.965499999999999	8.117843749999999	4.3968750000000005	5.235625	6.0545	6.89325	6.842520833333333	10.832	8.27425	10.129	4.18975	7.7225	8.277000000000001	8.054	6.9186250000000005	6.7855	5.964	6.34225	3.86725	2.6815	4.57575	4.572375	4.700875	10.0255	4.85503125	5.429729166666667	6.0417812500000005	6.0545
13.0	7.853375000000001	12.1245	6.8653125	4.5005	6.165725	9.816833333333332	6.712375	6.124124999999999	6.2798750000000005	4.756640625000001	9.93425	8.050125000000001	7.998458333333334	6.367	6.2173125	9.1531875	5.3215	8.344333333333333	7.794499999999999	3.96375	5.51875	10.35825	8.674	7.89728125	4.563625	5.45025	5.8885000000000005	6.63	7.171770833333333	10.57025	8.121125	9.663	4.26875	7.7785	7.6915	7.93225	6.9963750000000005	6.925000000000001	5.77175	6.17025	4.31425	2.49125	4.12725	5.339375	4.41925	10.20375	5.27421875	5.0591875	6.20515625	5.8885000000000005
13.5	7.195166666666667	12.21	6.842041666666667	4.695	6.180433333333333	9.469333333333331	6.757833333333334	6.57	6.515000000000001	4.401583333333333	10.367333333333333	8.401833333333334	8.374444444444444	7.187333333333332	6.407083333333333	9.574833333333334	5.507333333333333	8.595333333333334	7.630666666666666	4.432	5.751666666666666	9.757	8.413	7.817333333333334	4.215166666666667	5.656833333333333	5.371	6.061	6.953111111111111	10.658500000000002	8.380666666666666	8.667000000000002	4.541	7.615666666666667	7.653	8.193666666666667	7.282333333333334	6.856999999999999	5.361	6.232333333333334	5.656	2.664	4.15	4.7956666666666665	4.34825	10.173	4.573416666666667	4.88188888888889	5.747833333333333	5.371
14.0	7.809375	11.996250000000002	6.6699375000000005	4.78525	6.024025	9.532333333333334	6.5177499999999995	6.0402499999999995	6.215375	4.567234375	10.70575	8.095875	8.152458333333334	5.84225	5.94809375	9.1875	5.14175	8.437583333333334	7.531	4.59475	5.889	9.81025	9.08725	8.14934375	4.245125	5.0915	6.263000000000001	6.6385	6.852187499999999	10.968125	8.269	9.675249999999998	4.184	7.2215	8.123	8.259500000000001	7.052625	7.084	6.254	6.47125	4.40825	2.26	4.134250000000001	4.630125	4.361625	9.8825	4.727625	5.536229166666667	6.2582812500000005	6.263000000000001
15.0	8.139750000000001	12.381	6.81090625	4.482	6.163399999999999	9.710375	6.999749999999999	6.019375	6.877749999999999	4.725890625	11.252	8.641375	8.419333333333334	6.52425	6.175843749999999	9.1195625	5.311	8.665166666666666	7.8995	4.365	5.1715	10.45875	8.802000000000001	8.213875000000002	4.52125	5.521625	6.5855	6.221500000000001	7.741854166666666	10.4700625	8.050374999999999	8.31525	4.723	7.0565	7.180750000000001	7.568749999999999	7.05325	7.0455	6.34	6.3655	4.38225	2.62175	4.6065	4.3625	4.22878125	10.393	4.52365625	5.364604166666666	6.30184375	6.5855
16.0	7.907374999999999	12.25275	6.786781249999999	4.114	6.244199999999999	9.793708333333331	7.435874999999999	6.267250000000001	7.0603750000000005	4.734328125	11.4915	8.65275	8.296541666666666	6.755249999999999	5.7369375	9.250625	5.388625	8.549000000000001	8.19125	3.617	4.25375	10.282	8.64625	8.00571875	4.159	5.4670000000000005	6.297250000000001	5.6795	8.095104166666665	10.4378125	8.00325	7.966	4.50525	7.285	6.609	6.948249999999999	7.00625	6.9455	6.132750000000001	6.33425	4.82675	2.669	4.1935	4.611375	4.442625	10.46075	4.5571874999999995	5.247770833333334	6.07178125	6.297250000000001
17.0	8.178875	12.25275	6.9974687499999995	3.9162500000000007	6.13815	10.289291666666667	7.20825	6.367625	6.511375	4.940359375	11.74525	8.696	8.568125	6.466	6.449406250000001	9.3595625	5.7035	8.700333333333333	8.2115	4.19925	5.2455	10.456	8.77125	8.17609375	4.266875000000001	5.229875	6.010000000000001	5.7735	7.731291666666667	10.531875	8.019	7.8125	4.52975	7.748	6.8100000000000005	7.008500000000001	7.243	6.141500000000001	5.878	6.47725	4.581	2.26875	4.958	4.148	4.1445625	9.79625	4.38059375	5.6498333333333335	6.4665	6.010000000000001
18.0	8.292625000000001	12.381	6.981	4.097	6.1822	10.08925	7.1732499999999995	6.158750000000001	7.163624999999999	4.980468749999999	11.868	8.632624999999999	8.561291666666666	6.858750000000001	6.371968750000001	9.488875	5.316	8.561166666666667	8.1335	4.10925	5.5055000000000005	10.0595	8.8025	8.23078125	4.0495	5.09775	6.149	5.397749999999999	7.846187499999999	10.5879375	8.197625	7.25075	4.63125	7.23875	6.13325	6.4755	7.0995	6.922499999999999	6.37575	5.94325	4.5440000000000005	2.18425	5.0405	4.386	4.18784375	10.53125	4.47253125	5.541145833333333	6.34640625	6.149
19.0	8.036375	12.25275	7.056625	4.458	6.245375	10.20225	7.232	6.18675	6.698875	4.42371875	11.99625	8.1815	8.357083333333334	6.707999999999999	6.3717500000000005	9.3405625	5.563375000000001	8.636000000000001	8.298499999999999	3.6027500000000003	5.613	9.70375	8.908999999999999	8.153625	4.103375	5.188125	5.708499999999998	5.05575	7.893541666666667	10.4510625	8.211125	6.832	4.993250000000001	6.992750000000001	6.42325	6.5425	7.22625	6.77425	5.87625	6.13075	4.78075	2.38375	4.372999999999999	4.540875	4.565812500000001	10.688	4.54959375	5.905583333333333	6.368124999999999	5.708499999999998
20.0	8.199833333333332	12.381	6.9154583333333335	5.1113333333333335	5.815233333333333	9.828166666666666	7.307333333333333	6.220833333333333	7.326666666666666	4.4050625	11.868	8.176166666666667	8.51538888888889	7.283	6.460208333333334	9.292666666666667	5.091333333333333	8.390444444444443	7.497333333333334	3.689333333333334	5.1386666666666665	9.219	8.860333333333335	8.233208333333334	4.3135	5.2095	6.263333333333333	5.319333333333334	8.034083333333333	10.42025	7.921833333333334	7.203	5.036333333333332	6.816666666666666	5.971	6.409	7.221166666666667	6.571666666666666	5.527	6.156666666666666	4.618333333333333	2.421666666666667	4.539	4.3585	4.341666666666667	10.885	4.32375	5.576138888888889	6.301375	6.263333333333333
21.0	8.293625	12.381	6.891937500000001	4.095750000000001	6.16295	10.323458333333331	7.294	6.27525	7.2105	5.081546875000001	11.868	8.253	8.529541666666667	6.908	6.298343750000001	9.288875	4.976625	8.454333333333333	8.2515	3.0045	5.301	9.68125	8.744	8.18028125	4.5225	5.4515	5.838	5.02475	8.003583333333333	10.5688125	8.171	7.38525	5.016	7.270499999999999	6.1450000000000005	6.252750000000002	7.137875	6.70275	6.06925	6.00125	4.4725	2.4085	5.40175	4.602500000000001	4.151375	10.5375	4.5912500000000005	5.588583333333333	6.523499999999999	5.838
22.0	8.004625	12.381	7.104156250000001	4.173	5.938175000000001	9.833833333333333	7.1217500000000005	6.145875	7.0813749999999995	4.620203125	11.6745	7.916	8.460458333333333	6.88625	6.314125000000001	9.1043125	5.22475	8.476750000000001	7.93925	3.3985000000000003	5.291	9.507	9.02575	8.273843750000001	4.435	5.358875	6.424499999999999	5.438	7.927145833333334	10.60875	8.14025	7.417999999999999	5.41075	6.929499999999999	7.344749999999999	7.394500000000001	7.173500000000001	6.60375	6.00775	5.27725	4.06725	2.4335	5.29725	4.892875	4.3823125	10.609	4.94275	5.788854166666666	6.383031249999999	6.424499999999999
23.0	8.14625	12.381	6.7530625	3.7325	6.4220500000000005	10.424416666666666	7.284375	6.488625000000001	6.802125	4.817390625000001	11.868	7.965625	8.29275	7.356250000000001	6.112218749999999	9.277625	5.290875	8.327	8.118500000000001	4.38	4.8525	9.77925	8.75825	8.1155625	4.252	5.032375	5.858750000000001	5.5585	8.004249999999999	10.4323125	8.35225	7.100750000000001	5.3737499999999985	6.68975	6.11925	5.74775	6.990124999999999	6.3955	6.07925	5.98475	4.29075	3.1580000000000004	4.514	4.286	4.15840625	10.64925	4.54371875	5.790916666666666	6.375	5.858750000000001
24.0	8.384	12.381	6.9398125	4.4695	5.980925000000001	10.171583333333333	7.153124999999999	6.1903749999999995	6.928125	4.65396875	11.617	8.188375	8.50125	7.165	6.325093749999999	9.258	5.28	8.520000000000001	7.883999999999999	3.6375	5.3325	9.77875	8.97	8.357125	4.302875	5.3260000000000005	6.09625	5.549249999999999	7.696083333333333	10.3974375	7.94025	6.56175	5.1235	7.175750000000001	6.71125	6.79825	7.18475	6.03625	6.116750000000001	6.057	5.411	2.44275	4.8715	4.59675	3.873375	10.53225	4.5144375000000005	5.673375	6.3668125	6.09625
25.0	8.346375	12.381	6.8590937499999995	4.150500000000001	6.1979	10.405083333333332	7.178000000000001	6.300375000000001	7.001625000000001	4.831984374999999	11.868	7.998374999999999	8.466291666666667	7.283749999999999	6.18440625	9.3423125	5.4455	8.619166666666667	8.11575	3.713	4.76825	9.74575	8.89525	8.20303125	4.0785	5.1315	5.8445	5.492	7.791291666666667	10.4888125	8.17375	6.6425	5.1685	7.06475	6.780749999999999	6.87725	7.021375	6.26775	5.985	6.019499999999999	4.298500000000001	2.246	5.09475	4.62525	4.05546875	10.61275	4.634812500000001	5.504625000000001	6.4030000000000005	5.8445
26.0	8.29675	12.381	6.7486250000000005	4.38775	6.414975	10.331874999999998	7.064125000000001	6.148625	7.050625	4.718500000000001	11.617	8.329	8.361208333333334	7.7995	6.2873125000000005	9.5869375	5.080125	8.3965	7.588249999999999	4.047	5.337500000000001	9.30125	8.8785	8.18209375	4.1846250000000005	5.13	6.60125	4.86825	7.762645833333334	10.574875	8.0555	7.08925	4.6690000000000005	6.538	7.12175	7.433	6.8375	6.04	5.97075	5.862	5.263	2.455	5.33125	4.0515	4.35446875	10.93875	4.27828125	5.571020833333334	6.348781250000001	6.60125
27.0	8.410375	12.381	6.915625	3.99075	6.2118	10.338958333333332	7.23725	6.29725	7.062625	4.8173281249999995	11.7425	7.983625	8.438833333333333	7.224499999999999	6.1388750000000005	9.30375	5.5175	8.676916666666665	7.6455	3.62425	5.190250000000001	9.6205	9.0945	8.3239375	4.382625	5.53125	6.8637500000000005	5.038250000000001	7.896062499999999	10.5965625	8.04825	7.0325	5.8260000000000005	6.917999999999999	6.8255	7.08425	7.01575	6.3205	5.82075	6.121	4.62425	3.0867500000000003	5.23225	4.340125	4.23228125	10.77875	4.27121875	5.4713125	6.32346875	6.8637500000000005
28.0	8.55225	12.381	6.74253125	4.81275	6.089675000000001	10.246166666666667	7.024125	6.429	6.990875	4.860984374999999	11.42925	8.532125	8.311791666666668	7.1515	6.39115625	9.43875	5.1925	8.376833333333332	7.67975	2.5255	5.23675	9.03475	8.69875	8.23784375	4.71575	5.64425	6.0865	5.197	7.393354166666667	10.5745625	7.97425	7.38025	4.520999999999999	6.696750000000001	7.141249999999999	7.5825	6.94875	6.1595	5.84625	5.781000000000001	5.18	2.3295	5.0115	4.769375	4.148406250000001	10.68325	4.59096875	5.5234375	6.3877187499999994	6.0865
